439.69
138.26
441.32
129.78
443.83
127.16
442.13
214.29
192.34
262.31
175.40
125.85
212.77
408.04
217.05
436.58
428.65
330.01
432.51
407.44
357.58
128.14
192.08
209.44
428.13
192.99
218.74
227.74
190.46
428.83
302.99
320.09
319.12
190.68
213.64
217.34
353.79
127.81
409.59
320.51
128.03
192.89
216.08
333.90
127.81
128.13
435.73
186.26
334.40
253.37
424.11
366.16
142.61
428.33
366.93
357.23
433.76
307.20
128.10
427.03
127.55
221.59
248.09
183.92
430.33
359.34
300.64
422.08
435.92
436.20
257.23
330.40
126.00
440.00
217.85
390.02
136.38
357.63
323.50
206.93
218.78
217.94
219.26
139.05
331.08
431.61
189.57
243.65
183.35
267.38
193.05
302.22
387.00
179.67
320.12
342.97
357.60
216.20
352.45
305.18
835.72
1556.26
674.96
1702.92
1274.52
620.65
1312.60
1517.48
756.37
1432.20
724.32
1536.81
1498.61
1567.28
1589.91
1481.75
822.53
717.98
1311.81
708.92
1680.73
1675.07
736.82
1150.92
728.37
1676.45
811.43
689.85
606.64
785.31
1488.02
976.10
956.25
831.65
1403.88
775.24
1161.26
1401.34
1339.82
925.58
669.26
1062.91
1143.09
785.01
935.09
1368.62
1620.21
1571.15
969.31
1499.40
880.70
1562.09
1074.74
1498.67
1171.97
794.54
1177.42
1247.68
780.95
714.84
1343.21
552.61
1110.52
854.94
1488.18
1434.04
738.33
671.35
1665.68
496.92
769.00
993.88
805.92
1187.51
1153.20
1479.24
1648.85
698.56
633.91
841.14
1590.25
1176.73
927.86
1702.79
1005.48
1079.16
751.06
948.78
852.39
1499.20
1607.09
1307.68
1004.41
555.15
500.88
1123.90
992.87
708.64
730.48
927.55
1887.64
1579.41
1830.49
1016.25
1551.54
1987.40
1214.31
990.56
1236.62
1757.84
1523.28
1395.82
1548.30
1149.26
1735.26
1704.92
1637.53
1104.12
1968.61
1573.87
1033.49
1320.92
1934.10
1731.29
1788.52
1414.84
1267.00
1592.85
974.78
1617.92
655.52
1546.90
1132.81
1594.32
1029.12
1760.90
1091.60
1611.01
1623.28
1566.05
1161.34
1546.23
780.92
1563.39
1709.91
1661.07
1976.52
1799.06
1488.64
1756.60
1290.91
1247.69
1859.13
1572.92
1830.42
1084.37
1504.54
914.53
1657.62
1207.34
1598.19
1778.21
1759.11
1251.10
1623.69
1790.37
1755.53
1246.57
1521.75
1897.44
1640.12
1837.34
1504.52
1207.27
946.52
934.78
1922.88
1479.11
1522.12
967.91
1904.04
1210.41
1552.50
1948.80
1152.12
1872.59
1795.29
1139.38
1666.01
1177.17
1950.31
1840.95
1992.59
1930.85
1068.02
1502.75
897.29
1945.57
1383.00
1698.81
1455.37
1048.38
1312.04
840.66
1375.65
810.93
1098.82
1344.62
1369.02
1423.23
1055.16
1242.82
1137.87
1152.46
1161.50
859.15
1014.86
683.46
1135.30
1105.85
1523.99
789.37
751.90
1447.47
1546.91
1111.21
1300.44
1627.42
1123.97
1026.14
602.08
728.16
667.31
2102.28
1291.14
874.54
670.93
654.82
1016.25
1075.25
697.77
828.13
1150.03
1407.91
887.57
1107.53
1224.71
647.62
1006.22
1108.28
1733.88
1036.36
668.91
1105.52
591.21
716.82
1322.59
1318.95
613.95
694.33
678.77
1117.30
1876.32
1347.80
615.38
1661.74
1484.06
864.44
730.90
1128.88
1032.16
1106.96
1317.92
1361.39
1215.73
1129.34
1364.07
613.06
742.12
1287.51
824.53
1011.51
1309.47
599.42
1262.04
755.21
2098.41
554.65
793.70
1354.13
670.24
1013.57
683.15
1349.23
1790.20
1106.63
1436.63
818.28
1069.61
1602.16
958.11
628.13
850.29
1117.39
715.63
549.53
850.16
927.29
566.90
1105.22
667.74
1173.47
777.74
1017.09
777.83
589.20
1230.40
560.66
1503.41
562.83
1004.77
510.86
872.01
835.54
666.82
757.07
1211.38
783.81
484.50
1385.70
468.43
751.28
1094.74
1084.71
657.49
1647.28
810.42
821.87
796.25
990.39
1009.67
859.25
492.48
662.61
575.19
1126.22
600.12
810.82
1116.11
652.92
271.12
282.85
292.04
699.21
1175.25
602.93
861.98
751.52
430.33
762.43
879.77
808.24
825.50
669.88
1156.37
375.50
921.65
1159.79
1134.89
294.86
779.63
1020.84
1180.44
1053.26
728.37
774.45
1157.21
1001.93
830.32
361.20
570.11
742.31
294.96
320.97
730.58
653.26
1163.76
814.20
757.68
1060.32
556.23
611.18
325.16
762.57
299.61
303.10
1153.53
909.35
741.94
746.60
1005.89
789.84
604.22
301.57
1076.30
311.23
789.47
552.73
841.61
618.16
880.05
751.39
580.77
385.72
293.00
749.51
754.28
1103.31
853.61
390.00
991.01
759.44
1171.24
381.76
681.76
397.58
586.85
728.85
806.44
345.09
585.34
958.14
731.37
630.03
276.04
729.63
972.17
311.39
1096.25
619.63
733.43
1105.79
530.57
284.78
436.15
356.90
1142.28
1058.94
338.48
789.52
1268.79
1046.57
1144.30
1419.61
1183.58
509.89
717.53
708.23
1110.38
1260.04
791.35
1203.83
886.04
693.43
1277.84
659.36
703.76
618.43
911.50
1359.19
587.79
603.63
796.00
1485.78
1278.83
701.44
1473.94
720.64
1290.42
638.91
613.25
980.18
618.73
587.35
815.03
1504.68
1280.96
932.03
1113.89
1165.10
1497.68
847.59
1041.12
1503.29
836.26
1308.30
1153.49
1231.13
859.87
1179.96
1466.54
702.80
1545.46
1175.48
615.04
1285.42
778.58
600.18
782.21
1389.05
793.87
1117.09
1158.78
1535.46
1454.48
745.67
1069.53
1172.73
1398.78
652.19
1520.98
514.21
1186.99
503.73
865.46
1164.65
1308.81
656.87
1482.27
1056.76
813.60
639.97
800.71
1301.53
859.01
626.88
1505.06
1198.78
824.63
1489.78
547.47
1028.71
632.02
1013.72
941.58
1148.57
626.04
1285.04
1317.07
673.32
1921.56
2123.62
1903.28
1895.81
1853.95
2049.42
1980.82
1913.38
2066.33
1959.32
2045.06
1871.66
1600.01
1946.25
1850.68
1900.80
1878.93
1979.13
1905.47
1884.28
1725.79
1773.85
2139.25
1963.38
1994.19
1817.04
1963.57
2025.90
1746.49
1964.26
1876.35
1894.76
1871.95
1902.45
2087.03
1751.75
1747.74
1982.69
1876.31
1762.71
1864.58
2030.47
1895.54
1844.64
1835.15
1873.02
1891.24
1733.99
2177.48
2031.12
1828.74
1962.91
1953.02
1932.09
2084.21
1840.29
1977.52
2185.51
1795.27
1967.47
1844.63
1890.66
1838.06
1977.96
1934.14
1852.72
1869.71
1879.58
2019.02
1746.95
2105.27
1985.53
1950.72
1935.56
1800.16
2018.20
1866.56
2081.31
1921.19
1797.46
1925.45
1850.10
1876.07
1886.05
1995.86
1923.38
1900.11
1814.33
1900.33
2026.24
1769.35
1922.44
2090.15
1716.26
1886.20
1874.94
1901.43
2086.43
1769.07
1991.89
1373.97
1188.13
913.19
1871.02
1465.77
817.27
1302.82
1306.48
587.04
1194.72
2092.83
1540.98
1866.46
1738.67
1528.44
2028.35
1713.75
1782.89
1799.35
1498.41
1439.95
2151.71
1760.99
1860.75
1431.82
1454.70
1629.17
845.17
1918.42
1552.37
1686.09
1558.72
1933.59
1091.90
1496.53
1972.32
626.07
1900.57
1654.76
440.98
1898.31
2021.40
1056.64
742.47
1341.59
1793.81
1846.11
771.32
1603.55
1446.08
1500.83
1415.73
1201.17
2099.63
1590.97
982.64
1536.60
1896.79
1379.87
1831.54
1317.18
1124.55
848.25
152.77
1312.80
1331.42
1120.18
1928.98
1374.44
862.84
1433.91
1403.81
1389.72
526.93
1516.59
1632.55
1555.57
1544.06
521.65
1652.01
1224.24
994.00
1486.29
1865.83
666.41
1635.55
1479.36
1679.37
938.29
1755.44
2109.90
905.56
1211.75
1333.09
1374.46
1714.56
1815.54
1312.03
1040.84
1234.23
1343.85
1794.20
1577.69
1726.16
1861.34
1849.71
1801.06
1826.42
1381.11
1757.87
1367.57
1077.59
1142.23
1400.90
1429.23
1241.51
1479.43
1414.43
1351.34
1583.05
894.76
1661.61
1764.17
1256.96
1262.99
2122.89
1230.35
1681.10
1581.24
1848.65
539.85
1524.58
1282.65
1114.06
629.03
1475.40
1108.22
1229.17
1735.78
1249.91
813.77
1363.38
814.76
1867.53
1089.86
1872.86
1907.58
1114.12
871.99
1706.68
1514.59
1572.28
2024.25
2095.11
1424.78
755.58
1620.61
555.07
1396.45
1937.34
1814.57
791.75
754.65
1215.61
1605.90
1071.29
800.03
1678.96
1454.06
2063.29
1842.25
1874.48
977.73
1951.65
1362.71
1445.50
1756.54
1920.12
1650.77
1697.03
932.67
1778.52
1899.38
1611.11
1591.99
1509.68
542.00
1085.18
731.59
1418.85
1963.58
1973.58
1439.98
1324.57
1131.92
1520.67
1711.67
1602.23
1363.86
1751.43
1442.72
1386.58
1918.38
1535.59
984.77
1626.39
1378.83
1606.70
1630.31
1963.84
1507.92
1715.19
1716.59
1500.65
1637.40
2141.96
1853.45
2043.00
1521.56
989.81
1118.28
2163.72
1951.52
1896.98
1349.57
1673.71
880.63
538.41
1375.37
1674.94
1180.82
1049.58
1182.66
1935.09
1940.67
1679.53
1941.44
2000.55
2020.05
1795.84
1386.91
1640.78
1854.16
1540.53
1976.41
1283.52
1287.51
1775.51
1784.16
1850.25
595.06
702.99
1942.94
1600.26
1698.45
2007.76
1647.09
1885.80
1589.22
1936.07
1247.21
1771.37
738.32
1344.68
1699.96
1695.83
1334.64
1519.76
916.04
1888.22
1505.77
791.30
1601.10
1764.14
845.97
1242.89
1621.68
1784.31
1807.38
1360.71
1008.64
1081.03
913.84
1395.47
1434.77
722.64
1787.27
1074.42
1144.34
1793.54
1514.50
1051.31
1779.72
1289.59
1043.66
1531.79
607.16
1331.58
1232.07
1814.04
734.14
1342.60
1008.39
1868.22
1429.34
1591.89
1777.71
1699.05
854.49
1920.13
1731.47
1124.17
1226.61
1687.99
1577.56
1311.75
1745.71
1700.03
1701.44
1616.15
1475.75
1724.30
735.23
1431.22
1184.83
1650.52
1201.70
1629.70
1834.12
852.66
1474.69
1273.99
1897.22
1674.38
1343.69
724.40
1093.38
1854.32
1697.13
891.50
1814.13
1364.10
1267.75
1797.49
1515.24
1439.58
578.72
1016.31
1800.62
1459.70
989.60
901.96
1887.04
1131.15
1394.44
1794.66
1592.83
1486.25
847.80
1854.25
1818.50
1740.73
1829.68
1487.45
1552.14
1570.99
1731.47
738.91
1688.22
1727.28
1532.03
1397.74
1763.70
790.78
1642.88
1442.69
1900.88
1971.00
1522.35
1628.15
1496.79
1808.92
1689.97
925.75
714.60
1264.51
1262.82
1569.93
1791.99
2073.45
1502.66
1205.93
1251.67
1224.08
1501.14
1207.65
1999.27
1740.53
1774.45
1319.63
1646.33
1661.48
273.90
2084.36
1415.56
1655.53
1616.29
1847.44
1900.36
1000.18
643.86
1283.63
661.11
1773.46
1775.91
1731.05
426.21
1407.08
1722.76
1505.04
1589.61
1479.37
1207.18
1846.82
1123.46
1450.11
1658.77
1446.50
2003.32
1688.76
588.06
1578.27
612.27
1397.53
1983.45
1779.41
721.20
1525.20
1257.67
977.62
1671.60
831.87
1659.40
1680.20
1609.99
1989.08
1804.57
1503.80
1164.97
1084.98
1751.96
1291.53
1407.63
1273.93
709.32
1250.82
1371.07
1017.53
1818.02
1356.70
1904.85
454.43
1808.32
1484.63
1807.62
1665.82
338.77
808.59
1748.82
605.51
1032.84
1268.27
1500.26
1692.66
1293.42
1826.40
1322.56
1787.82
824.27
1522.57
1529.50
1194.63
1444.90
1650.77
1572.51
424.39
1144.34
802.93
1331.15
1538.06
1011.26
1220.57
875.25
1109.51
1052.91
1555.90
1886.11
1896.25
1924.78
1352.81
1917.25
1849.38
955.58
1346.51
724.38
1182.19
1591.21
1193.77
1747.84
1990.46
1598.63
747.02
1540.46
1223.09
1701.41
1628.61
1902.87
1252.22
1838.45
720.29
1510.95
1294.56
981.55
1616.00
1431.37
1651.68
1778.65
940.42
1194.01
1605.50
653.43
1585.37
1364.48
882.09
1759.49
1496.28
2047.78
1208.00
533.85
1061.47
1486.32
1884.57
1780.06
1742.66
1348.51
1353.33
1630.67
1695.03
1424.81
1494.22
1910.77
1416.52
1582.66
1442.11
1658.71
1855.95
1779.68
1998.24
1284.57
1103.12
1164.03
1460.22
1602.63
994.76
1895.90
1582.67
884.77
1520.26
2078.01
1497.52
1121.69
1101.97
1497.84
1231.32
820.57
1274.14
1036.34
1453.01
1225.26
1220.34
1621.23
980.78
1277.11
1213.61
1118.39
1483.35
1732.72
757.08
1656.47
1269.96
399.30
1227.28
923.87
1464.74
1042.07
1607.44
1239.83
1388.58
1001.34
1726.40
1155.02
1636.90
1197.41
1633.74
1903.61
2063.05
1646.54
1346.93
602.90
1723.59
1539.51
1506.92
1350.82
1615.66
1903.28
1555.33
1509.18
1483.62
1070.75
2032.12
1814.89
1923.67
1148.10
1394.23
1756.13
1650.93
1435.18
566.24
1788.40
1473.48
1752.02
1426.70
869.40
1732.80
1797.30
1410.36
1899.16
1541.89
1589.49
768.84
1462.77
2113.18
1396.86
1654.27
1903.18
1713.01
1468.80
1889.90
1495.48
1525.20
1534.53
1475.23
1483.71
2074.28
911.87
742.33
1888.03
1480.77
1227.61
420.28
1380.53
804.08
976.31
1830.08
935.48
1603.47
1736.17
1711.83
1411.39
1838.16
1422.43
1110.03
1494.05
1821.79
1506.43
1642.26
1604.42
1395.70
886.74
1501.99
1507.34
1182.92
1495.57
1645.52
1612.39
1201.31
1690.62
1518.93
1637.73
1822.18
1107.84
1940.75
1492.32
1823.54
1022.62
1995.61
1580.17
1924.75
1309.03
1101.87
1901.80
1776.29
1530.02
1067.05
1342.74
1813.16
1544.64
1595.51
1367.23
359.52
1597.59
1102.08
1360.37
1411.17
2149.93
1313.74
1416.35
1707.49
947.01
681.54
1230.38
1342.88
1447.22
1550.22
916.85
1052.56
1491.30
1385.10
1491.52
1476.12
1962.75
1454.49
1263.51
952.49
1502.24
1783.84
1591.71
1470.08
1529.43
701.50
1503.95
1033.44
760.39
1373.04
1561.11
1623.35
1840.64
1262.01
1704.81
881.23
1657.13
1900.12
1113.18
1886.21
1239.91
1864.74
670.18
560.44
1507.60
1141.75
1836.84
1105.57
1804.95
1601.94
1276.71
1657.08
1202.35
852.01
1787.71
1731.71
583.46
1283.63
861.32
1128.29
892.47
1413.98
1591.65
1534.83
2112.58
668.48
743.06
569.30
1265.27
1071.14
1539.78
1002.79
2161.97
1619.26
293.09
1489.76
1306.79
607.68
1170.83
1498.14
851.27
1777.08
1765.11
1939.82
835.13
386.36
1470.00
975.86
1573.09
1550.53
1200.34
1666.01
434.52
619.31
1671.68
1654.02
713.46
923.15
1171.21
1503.50
1472.95
1404.30
1819.73
436.42
1358.09
850.47
1521.26
1668.47
1805.53
1682.30
1556.41
1892.83
1507.05
1891.62
1250.14
1637.37
864.95
1410.77
1353.11
792.79
1600.46
1663.83
1614.17
1720.43
1440.74
1698.61
1473.55
1221.13
1373.55
1218.81
834.77
1759.29
1623.17
1510.95
1391.73
2077.82
1807.07
1783.60
400.78
1127.37
1235.82
2056.86
1534.33
1017.12
1547.55
953.53
1893.97
1690.24
2118.49
1659.16
1704.39
954.21
1929.06
1752.16
488.26
1348.24
871.37
1288.74
1517.19
1476.40
1460.16
1582.58
1478.70
1948.73
1193.09
1088.44
1423.28
1598.40
798.85
1461.27
1604.84
1106.68
621.76
872.35
1367.98
1069.01
1566.67
1081.08
1707.62
1713.90
534.18
1535.62
1408.24
1385.09
1346.79
1302.33
1774.90
1561.22
1879.89
2118.02
1887.79
1537.08
1370.63
1008.38
1487.18
1490.05
1738.65
1758.41
669.50
1756.97
1898.53
1931.97
1785.05
1324.56
1383.14
1137.41
1250.46
1806.01
643.47
357.29
986.34
552.90
1314.78
1055.66
962.88
747.13
920.92
1630.50
1461.30
620.28
1262.75
1970.86
907.50
1757.59
1890.81
1423.86
1680.37
424.55
1466.87
1534.01
914.06
1310.28
1462.98
1228.18
1927.21
1280.74
1516.39
681.46
2285.63
1289.49
1921.69
1194.50
1431.26
1221.81
1577.72
720.29
1428.49
327.82
1253.30
1752.17
1875.11
344.66
1731.18
680.45
1045.79
991.68
1243.66
1699.27
1442.84
1525.91
1582.16
901.15
670.53
1169.73
1893.82
1784.33
1099.45
1939.66
1874.15
1605.15
1077.21
1580.47
1471.83
723.38
1632.91
1050.34
1711.31
1325.79
1534.32
1690.38
1520.31
1340.19
1707.41
1764.22
1632.02
1497.28
1221.56
1546.66
1787.18
1051.37
1765.08
1028.48
914.07
1680.17
1399.62
1904.17
1008.99
1216.15
1228.16
1119.50
1759.42
1302.72
1975.86
627.12
1383.40
1454.20
1201.60
1558.40
1747.53
1802.95
1530.23
1238.40
1312.64
1648.68
2148.42
506.90
1912.90
783.52
1011.50
1731.81
997.37
1474.49
648.43
1825.05
1592.25
1941.96
1920.39
1212.44
1655.28
1576.80
1940.01
1662.88
1475.31
884.56
877.62
1610.22
753.58
1793.54
1262.87
1343.59
2223.34
1594.48
1520.48
1613.18
1109.94
1726.50
1729.02
1926.82
579.02
992.17
1059.04
1417.34
1764.68
1698.82
1517.12
1874.83
1672.35
1518.83
1662.15
1775.09
1599.94
1983.45
952.34
1394.93
713.36
1574.65
1675.80
1732.16
608.90
1347.46
820.29
1215.30
1306.09
1217.97
554.47
1396.84
1354.19
1649.23
1309.19
608.11
1195.91
1579.82
685.24
650.13
1596.92
1749.77
1278.50
1748.61
1697.22
1765.80
1644.26
1534.56
1469.70
1326.90
1806.25
1584.48
1273.95
740.02
1154.79
1126.56
1560.25
532.80
1552.25
1739.63
1724.54
1435.48
1423.21
960.97
1717.69
2148.63
1479.18
1306.36
1804.96
1187.45
1323.58
1528.54
1604.24
972.55
1170.69
1842.30
1757.22
1953.08
1471.63
1610.04
1784.95
1702.44
1941.09
1683.49
1712.66
1713.98
1334.08
1814.34
1293.85
1634.00
1327.85
1484.35
1456.49
1510.30
883.39
731.64
1713.83
1610.13
1228.91
1113.90
1091.17
1527.06
1288.29
569.21
762.53
1612.81
1722.66
1715.10
1499.86
1928.00
1830.52
2068.02
1246.22
1508.87
1007.11
1202.25
1017.85
1770.65
674.82
1622.19
1070.18
1735.94
1853.15
1425.81
1607.93
979.81
1507.63
1749.20
503.44
1443.14
1223.05
1461.20
1501.64
1612.69
751.94
1471.39
1709.10
208.05
747.92
1935.73
1602.95
938.65
1232.55
1780.22
541.64
696.19
1922.31
1660.02
1725.84
1886.85
1900.39
1274.27
1597.72
1251.89
1727.57
1695.93
1626.31
1634.28
1990.43
605.84
1760.15
1134.27
1642.68
1520.94
794.32
1244.87
1405.67
1488.71
809.20
1455.32
1856.32
1492.45
926.14
1512.10
1446.83
1605.17
1854.84
1759.15
593.41
229.54
856.16
1635.88
1810.61
1841.15
1642.64
1563.77
1865.02
1676.85
1765.32
593.10
1766.27
1870.79
1535.96
1702.06
1909.48
1280.25
1868.00
1455.36
1210.90
1436.12
926.28
1611.09
1542.70
1769.68
1315.55
1475.95
305.06
1880.88
1468.72
1428.84
521.92
840.90
1846.46
1591.65
1715.72
984.69
1814.03
1383.39
831.66
1634.92
1208.67
929.54
535.34
1269.10
1806.39
1930.12
1334.65
672.92
1253.21
1070.39
1021.65
1733.11
1207.49
1421.32
1313.90
1517.78
1462.77
1825.83
848.32
1462.47
1847.68
1677.78
399.72
1961.24
1450.26
2097.52
1785.92
933.56
1114.62
587.87
1717.40
1708.66
775.72
1037.09
1708.03
584.58
1123.38
867.88
1743.51
1544.40
2129.97
956.50
1197.64
1266.95
1514.17
1908.94
656.52
1879.91
1342.68
1479.43
747.68
1385.43
1606.23
1912.68
1806.81
713.26
1629.34
1078.03
1894.60
1392.54
1489.81
1668.34
754.52
1212.52
945.78
918.63
1317.00
1406.48
1533.49
1473.65
1410.85
1532.46
1294.76
1403.45
1532.48
1945.36
1004.56
1883.41
1619.55
1709.19
1473.78
1131.81
1418.75
1945.03
1799.85
861.91
1404.67
1513.79
2059.11
1680.85
1660.24
1723.19
1424.63
1517.30
1661.79
1803.24
1132.80
1546.02
831.35
1735.26
1852.48
425.80
1642.86
1880.32
1875.06
1485.38
1423.68
736.89
1243.87
1851.24
1194.28
1725.51
1219.43
721.71
1528.91
1594.36
1365.38
1755.00
1264.46
447.26
850.79
1751.68
1965.55
1736.39
1659.99
1949.98
1344.13
1520.23
1774.79
1571.03
1408.10
1474.85
1459.42
1656.75
1107.40
1536.00
1515.02
1138.42
978.45
714.03
1823.26
1279.45
1560.08
815.21
1110.18
1490.40
1612.43
1053.78
1282.85
1748.08
681.71
1864.26
1017.64
843.14
1717.58
1065.57
1724.60
1941.77
1063.01
1784.48
1917.30
1978.48
756.08
367.13
857.99
1525.46
1778.73
623.65
1807.68
1800.18
1249.50
1617.05
1040.76
726.18
1723.51
835.38
145.59
1292.23
1848.83
1776.85
1630.36
1957.64
1735.22
2009.98
1696.73
1505.09
1371.07
1693.54
954.68
1496.05
1523.35
1788.46
1213.82
1663.77
1165.93
1554.99
1520.95
1355.40
1356.99
1249.67
1838.35
1120.30
1757.75
2094.82
805.51
1888.19
143.92
1973.17
1338.54
1689.44
1728.99
940.40
1800.04
1936.23
1658.67
1641.79
572.78
1530.47
1812.62
1554.37
1453.31
1783.74
1014.82
1851.90
1593.04
1283.07
228.56
1914.70
369.56
378.45
1243.11
870.55
1816.75
1778.54
1466.61
1838.31
1538.54
1511.71
1550.44
1144.97
847.29
1715.94
1205.96
1526.21
1117.74
1346.08
1604.23
1686.87
1655.70
666.13
1422.64
1570.17
1851.47
1022.51
742.21
1141.01
1141.93
1388.76
1017.20
1437.27
1479.18
1705.74
773.25
1844.96
822.74
1943.31
1899.56
1479.76
1219.69
1474.16
879.10
1980.77
1331.61
946.44
1599.12
1021.04
868.02
574.61
948.72
523.72
1882.60
1893.99
1612.18
1266.36
1202.63
436.98
1459.48
1754.69
1142.24
345.34
1646.63
1651.67
553.29
1355.17
795.25
1059.05
1263.25
2000.56
989.95
289.78
1319.63
1935.83
1497.10
1871.60
1900.07
1098.42
1639.70
1906.95
1280.04
920.95
1083.49
1724.71
1362.35
1571.76
1005.24
1710.26
1983.35
1694.06
1128.74
1887.95
1887.08
1340.26
1741.06
1499.66
1006.81
1881.24
1325.67
1221.58
1482.60
1802.93
1500.45
558.73
1462.23
788.77
1076.75
191.11
1679.56
1823.90
1785.55
1205.19
1258.78
1723.52
1954.13
1603.10
1321.86
1487.61
669.09
1758.99
1907.09
1081.48
1805.84
1242.47
1694.61
2011.03
1654.61
624.34
954.80
1515.67
1867.05
1408.66
1147.05
1523.37
1349.46
1156.27
1777.91
1608.35
1835.95
1615.76
940.72
1877.31
1476.25
1647.32
1011.89
1573.29
1069.84
923.03
1487.43
1612.29
1564.34
1494.17
1904.99
1224.41
793.54
940.28
1810.23
1667.12
1689.36
1377.61
1241.97
1377.69
736.17
1980.47
1079.48
1892.90
1102.56
1524.71
605.83
1328.98
1203.78
989.69
420.97
1699.98
1755.54
590.52
1186.75
2056.75
1828.36
1251.33
1879.47
1494.51
1554.28
1621.24
1507.46
2104.93
946.94
672.64
1936.54
1669.75
1192.12
1890.58
2149.57
1536.79
1680.37
1581.39
1360.24
1244.59
1296.42
1297.56
1447.49
1448.66
1938.30
1570.66
1540.57
1678.06
1693.94
1387.38
1896.26
1042.74
1342.58
1459.40
1424.04
2021.81
562.89
995.76
1409.65
1917.76
1793.09
1109.74
1913.77
1620.51
1676.21
1800.66
918.54
860.65
1802.01
259.31
1829.48
1929.79
1928.91
1723.33
1316.15
1529.32
1499.27
1842.35
407.61
1589.04
1212.05
1286.96
1964.09
1308.24
1238.53
1485.59
1623.01
1596.15
1480.93
1570.33
1380.11
1861.67
833.52
1383.90
1126.32
1149.98
676.81
634.83
922.41
1481.68
599.10
1397.27
832.72
1528.91
1938.61
1879.78
1550.68
1903.10
1497.82
1281.17
1764.60
1883.14
1212.47
569.89
1179.03
1789.49
1619.34
1820.16
1901.66
644.69
340.32
1806.90
990.83
1748.59
983.49
1828.28
1138.21
1558.52
1280.32
1193.40
1217.01
1359.97
1974.67
1179.66
2010.99
1486.78
1351.26
1543.70
1501.39
1907.78
1739.22
1569.07
1348.67
2032.76
1161.25
787.80
1585.39
1144.47
1592.69
809.85
1216.24
1264.77
1657.19
1644.56
2073.23
1202.51
1384.65
1536.25
525.86
1717.76
1553.77
1855.16
1884.98
511.33
724.77
1668.44
1878.65
1201.25
1884.22
803.78
1188.81
1371.45
741.18
2102.13
1443.58
1239.61
1845.28
1832.14
1457.17
1025.73
905.22
1460.48
1566.84
1782.60
1509.37
1732.13
1559.30
1140.26
1890.58
1629.70
1558.64
1821.32
302.74
1731.27
1273.18
1674.12
598.94
753.26
1861.19
1822.28
1299.88
951.29
1548.87
1910.76
1670.63
1302.17
1671.23
1637.00
1140.07
1779.15
1619.59
1472.43
1151.18
1292.25
896.75
1773.85
1977.68
1498.06
1901.73
2112.72
1815.46
1517.55
1515.89
693.58
915.99
1474.92
807.54
1503.61
1449.42
1894.57
1028.03
1943.10
1687.64
1582.17
1696.19
1562.07
1766.88
587.38
908.02
715.94
1270.97
787.17
1835.75
1618.05
2108.28
1495.25
1286.47
1129.79
467.91
920.68
1725.50
1518.13
1665.70
969.97
954.61
1421.47
1307.98
1426.39
962.84
974.06
1570.77
1453.06
2001.42
883.16
1177.23
519.32
756.77
1937.95
1477.38
1816.51
1511.72
1579.04
1556.74
1774.03
1879.80
1122.65
1921.45
1472.95
1618.46
946.53
1507.96
1759.50
364.85
1839.93
1900.42
1140.66
1506.34
1048.17
1752.12
1195.26
1510.81
1480.23
1563.91
747.20
1724.56
1823.80
1658.03
1030.65
969.46
1873.08
741.02
1740.55
1930.46
791.56
1273.11
2002.06
1297.35
808.78
1736.00
1299.11
1209.90
1089.68
1841.47
1011.81
1371.93
1970.21
1375.91
1194.88
1666.67
1887.43
1356.46
1092.71
1487.19
1148.69
751.64
1213.18
1491.04
369.55
1628.60
446.33
1549.78
1320.69
1735.76
1542.53
1686.20
1470.49
1361.01
405.71
895.39
1494.08
1831.22
1359.80
1632.88
1902.97
1630.13
1415.51
1323.18
1236.49
1588.23
444.63
2143.27
1379.14
977.04
791.78
756.85
1941.64
1352.91
1432.89
1878.26
1800.84
1248.35
1594.33
1604.02
1052.50
1844.50
1628.89
1625.32
1811.72
1491.99
1975.94
1504.50
1723.09
976.84
910.22
1677.78
1798.80
1460.92
1007.25
2123.21
1452.24
1711.35
1544.91
1599.98
1484.14
1280.15
1607.98
1334.76
1879.09
1262.56
1747.15
1687.29
1609.38
2091.12
1227.94
1447.91
1622.32
1430.22
1471.17
982.38
999.02
1489.64
1502.76
1828.37
1628.73
1311.06
1027.23
1177.52
1007.18
1876.81
1554.95
1275.41
1805.60
1458.88
1644.92
1931.85
1883.23
1593.92
1647.34
1481.41
1286.09
566.61
1668.87
1954.52
1809.54
1799.54
2138.61
1737.87
1808.57
1238.65
1035.76
1276.99
1752.72
1607.82
1597.08
1281.45
1649.85
1685.38
841.46
1792.27
1506.01
1957.19
2117.78
1318.69
846.03
1593.13
1795.24
1748.18
1681.54
1160.50
1919.23
1853.80
1888.17
1182.02
1561.64
1906.17
360.59
643.68
1439.30
883.43
1353.94
1249.30
1744.23
987.20
1243.36
1205.14
1324.25
1683.99
1694.96
1367.48
1297.49
1679.30
1557.86
1508.51
970.26
1955.94
1519.14
1509.64
1375.37
1495.80
1706.65
1267.31
1172.34
359.37
923.19
1616.42
931.55
1438.52
1723.82
1599.03
2069.09
1855.83
1776.83
1612.65
1672.28
1429.21
1891.47
1518.57
1614.18
1878.71
1892.34
1381.15
1723.51
1416.27
1613.35
1728.19
941.23
1277.96
2099.20
2015.25
1385.59
931.51
1677.78
1984.41
1595.32
1640.88
1649.42
1933.13
950.83
1701.83
739.50
1305.96
1591.73
713.53
1539.89
1604.45
1902.88
1788.01
1582.66
1252.40
1093.84
1338.31
1870.60
1855.41
1522.69
1743.89
1392.53
960.26
1674.36
1304.29
1623.98
1246.96
1495.60
1861.97
1960.09
1942.34
1536.87
843.88
1878.74
1152.68
1595.85
1244.05
1699.30
1271.72
999.95
1280.90
1651.57
1501.95
1588.43
1018.84
1678.89
1607.45
1914.90
1981.51
1914.21
388.44
1388.99
1157.36
1417.39
2096.89
727.88
1616.85
1882.29
1207.72
1358.16
1841.23
1750.39
1589.55
1670.95
613.65
792.17
1195.83
1603.28
1551.72
1641.34
1550.09
1625.15
1368.55
1620.65
756.97
1638.44
1779.31
1888.92
1882.97
1825.57
1548.18
910.91
1042.09
1522.83
1032.43
1495.14
1548.84
1562.39
928.63
1775.31
1898.09
978.32
1788.78
978.79
916.85
1711.94
1320.14
1764.21
1870.74
1578.31
914.13
1523.73
937.46
1360.27
1579.98
1098.43
1664.70
1556.22
888.14
955.80
1396.07
990.06
2019.66
1283.43
1323.63
1754.48
1245.29
830.24
1281.27
1532.95
883.84
616.52
610.19
505.05
1364.94
1763.20
736.79
1594.87
1557.24
1514.66
1596.74
1994.42
1912.63
868.61
1462.04
2049.44
1538.89
1759.54
1351.18
1255.79
1789.70
1230.11
1149.77
1077.78
1609.00
1733.59
1455.62
1196.71
1655.57
716.28
1134.71
942.19
1691.58
1061.67
1406.55
800.36
863.53
1387.01
947.14
864.33
410.31
1660.70
971.52
886.22
1838.16
738.75
2021.11
1277.83
1630.23
1811.70
1448.38
900.29
1845.48
1978.12
1745.40
656.87
994.30
1080.93
1755.93
722.48
1535.93
1732.75
1479.13
1827.89
1153.79
1070.81
1705.96
1560.68
1924.35
1893.98
1493.10
1685.19
1680.80
727.25
1587.05
925.84
1740.47
976.60
299.98
877.24
1325.53
1692.13
1877.85
1015.94
1527.04
1308.92
775.51
1427.29
1688.30
1563.43
1569.77
1832.31
799.40
1700.28
808.83
1757.21
1197.40
1281.68
1121.36
1950.84
1379.91
1314.27
1982.71
1490.15
1239.23
1905.49
1768.73
1656.77
1989.67
1706.05
1200.96
1529.88
1347.11
1665.69
1223.00
1609.62
1191.20
1703.15
1646.48
1824.32
1841.63
2140.92
2144.45
759.33
1503.80
1828.67
1547.91
586.54
749.00
1172.80
1968.87
1364.82
1278.08
1789.67
797.07
1683.79
1603.06
1759.87
570.60
1051.26
1715.55
1714.73
930.80
1153.93
1938.38
1788.03
1800.88
1861.53
1327.12
600.71
1942.09
1485.03
1183.16
2149.10
1470.04
1797.68
1118.61
1607.35
1755.43
1844.95
1764.18
888.50
1692.75
1343.85
1672.31
1825.94
1387.74
1699.31
1332.01
1792.77
676.80
842.40
1243.85
1458.23
1751.52
1108.13
1912.86
1323.26
1475.90
1462.12
1391.95
1504.06
1162.60
1913.55
1942.13
1298.27
876.46
1067.42
1437.40
2126.41
915.63
1772.06
1403.98
2099.05
1462.43
1919.88
691.75
1662.03
1331.72
981.60
1468.53
1111.76
969.63
1555.14
1256.99
1733.49
1358.61
1337.39
1681.86
1476.87
1519.54
1217.82
2215.59
1555.01
1474.47
1110.70
1279.61
1934.77
1614.66
1421.40
754.05
1386.57
1799.68
1636.34
1799.48
1980.66
869.73
1553.69
1769.81
1664.26
942.37
1901.88
650.15
1516.43
1670.33
1254.48
1234.19
782.69
1308.99
1706.14
990.81
1564.42
1702.99
1493.39
1759.44
1255.23
1894.86
1590.88
1616.26
1547.45
394.82
1309.70
1125.38
1801.46
1833.76
467.94
1122.61
1328.58
1683.48
1891.21
1395.47
1853.17
1792.91
967.45
1626.25
1895.59
1611.58
1546.42
1480.97
1208.93
1911.85
1442.85
1274.93
1413.75
1790.30
1444.36
735.77
1448.31
1861.19
917.38
1476.31
1620.56
1393.85
1490.11
906.17
693.72
1691.57
1688.35
1215.15
1114.62
1881.60
1539.55
1889.38
593.19
1564.72
775.13
1273.77
1472.57
871.12
772.69
1346.51
771.40
1873.24
1331.26
1309.53
1672.69
1350.38
1500.43
1485.45
1361.14
1279.67
1280.26
1058.69
1643.38
876.34
731.19
898.92
552.96
2031.15
1753.06
1317.19
1206.19
484.95
1197.58
1464.38
1405.01
1167.50
2103.91
1141.86
1377.03
1594.91
1817.93
1794.13
1636.21
1692.19
1213.50
1767.52
1842.96
1399.29
1568.61
1410.55
761.25
1724.74
1279.44
1074.36
1780.64
2035.05
1806.64
1199.57
1517.48
871.62
850.77
1887.80
1176.39
1650.05
403.32
1389.48
1659.90
911.97
1605.92
1715.62
1926.46
227.00
1343.44
1986.19
1931.69
727.39
1340.66
1619.49
1900.01
1728.99
1923.78
1399.17
1512.92
834.80
1491.40
998.67
775.50
1384.23
211.49
1873.60
687.13
701.27
1565.34
1348.44
2091.05
1225.77
1858.60
1923.08
934.03
1848.96
1322.77
2000.95
762.10
646.72
1583.10
1670.31
1608.68
632.96
1692.86
2179.79
1268.42
1174.00
783.20
1725.80
1865.62
1762.66
2081.47
1607.64
1546.75
480.49
1285.79
1762.89
1985.84
1502.64
1808.99
678.15
1645.56
1330.91
1969.63
1322.88
1375.52
1649.77
1784.75
854.68
1725.53
1361.41
1499.17
1784.14
1373.31
1287.39
1478.34
1940.57
821.56
941.79
1982.81
1722.67
599.14
1605.41
1514.28
1564.55
1826.28
1837.32
1421.86
841.09
1755.86
1511.77
1576.50
770.54
1480.52
976.35
1509.21
1324.09
1353.32
1784.61
1687.06
1051.92
1677.19
1365.70
1228.45
1327.03
1851.24
1728.32
1476.41
1750.81
1184.35
1928.92
1744.53
1829.96
1897.58
1243.90
1433.95
1552.31
1246.79
1745.91
1732.01
1855.94
1489.21
1774.82
1971.28
586.84
1271.81
761.19
1734.85
1628.46
1671.04
1416.95
771.97
1370.81
1328.65
1466.43
1336.45
1775.91
1848.29
1108.57
1964.87
686.81
1535.24
948.74
1605.08
1193.82
1057.33
1618.31
1426.05
1285.00
648.80
1526.48
1436.42
1499.94
1798.29
1686.26
1503.04
1753.77
1750.64
1489.55
1531.39
1362.81
1273.01
1494.22
1978.65
1011.53
969.71
1900.71
712.58
1757.01
1587.40
1494.30
1333.41
1787.97
1176.01
1870.72
1814.42
1102.44
1748.32
1138.23
766.01
1329.56
829.50
1729.57
1870.10
1535.13
1465.17
1667.19
269.65
1594.77
1218.11
1235.49
1719.19
1053.51
832.19
1759.73
929.99
1348.24
1755.99
774.10
1272.10
730.60
607.12
1368.63
1731.69
1123.22
1632.94
1369.79
1097.68
1896.21
1690.51
1648.51
1467.36
1448.73
1368.66
653.96
1735.94
1835.49
779.77
660.37
884.82
1769.60
1806.51
1161.50
1944.51
1265.92
1279.98
1911.39
1300.97
1914.58
881.18
1385.21
1575.34
903.38
1774.38
1293.44
1158.17
1766.98
1344.40
974.16
1797.63
2007.28
1638.79
1726.15
1230.89
1115.88
1209.47
1607.32
1350.13
1934.22
1417.04
1306.89
1269.72
831.20
1745.61
1632.64
1051.25
1437.37
1876.93
2151.63
756.94
1762.42
1685.15
793.65
272.20
1698.17
1226.63
1363.74
1107.82
753.55
1607.56
1683.72
1462.62
1757.82
1533.69
1465.84
935.47
1620.91
1013.52
1101.86
1575.94
1287.32
1061.86
728.80
936.72
1827.99
2106.22
1754.33
1919.30
1280.40
1653.59
1589.34
1043.59
1350.03
1909.21
1226.14
1677.88
1648.12
2081.04
1537.80
1433.30
1510.02
1927.09
884.01
879.22
1466.27
1613.64
982.61
961.99
1285.13
1219.80
1785.32
1448.51
1331.76
1856.32
1519.67
1616.58
294.13
362.71
2002.22
1446.22
1006.88
1819.25
865.47
967.17
668.42
1621.79
1272.06
1973.10
850.79
1493.96
1456.92
755.23
1904.57
1170.78
735.33
1295.82
1729.67
1650.65
1308.32
1903.64
1485.14
635.67
1841.57
2058.33
1435.66
2095.98
1336.37
2187.07
1122.53
1600.94
925.69
1408.04
840.15
1305.74
1564.44
1514.08
1314.62
1542.82
762.84
683.60
1484.48
1193.32
1934.14
1890.09
1588.32
751.13
1300.73
1082.39
864.84
1422.95
970.11
1514.48
1404.28
1383.93
1432.88
1693.19
916.50
897.98
1846.22
1361.30
1898.50
1007.21
856.05
1784.65
937.08
1319.75
1670.45
1715.69
1259.98
203.97
1855.58
1273.76
2074.30
1207.47
1543.37
1261.57
1978.51
1773.03
1686.96
1605.05
1703.24
724.73
1904.69
1471.72
1503.93
1714.47
1809.41
1463.16
1376.96
1903.71
1771.76
1195.94
1752.39
1346.20
1002.64
861.64
1282.09
1948.39
1219.39
871.85
1658.72
773.93
1594.16
1338.91
1180.06
1530.19
1513.95
1617.56
1129.07
1693.36
1199.09
1130.79
1157.10
1504.87
1507.62
1377.56
1199.36
1356.66
853.63
1804.36
1282.56
1552.62
1044.86
2116.20
1877.99
1218.26
1892.08
1243.92
1759.89
1562.93
1265.95
1500.95
1559.26
1398.39
635.17
1641.76
1393.54
798.11
1949.53
1241.45
1828.77
1034.07
1480.63
1111.60
1885.72
1544.37
1921.83
1586.85
1565.55
1699.16
993.68
1636.20
829.16
1427.49
1064.32
1190.40
1226.60
1891.11
1883.76
1544.95
1181.33
1032.08
1653.16
2065.00
1745.35
552.52
1214.17
1113.65
1564.81
1494.02
1306.92
1515.30
1521.23
282.72
1545.71
1765.42
1399.70
1646.94
1075.05
1613.74
1813.42
986.29
565.55
2173.32
1208.08
1734.69
1709.17
1461.40
1926.74
1287.34
1686.16
1763.17
548.17
1371.65
307.12
1803.91
877.55
860.84
1854.36
1979.47
773.04
1505.63
1613.48
2008.53
1841.05
349.59
1615.18
1077.03
1855.90
1317.44
2036.00
1970.25
1982.67
1466.32
1762.96
1262.07
1496.06
658.19
1756.77
1538.35
904.11
1094.95
1723.32
1291.36
1728.61
285.37
1722.09
1699.26
959.79
1086.48
753.89
1492.69
1252.74
1130.43
1291.04
1082.15
1541.91
1520.81
1137.00
1397.64
1441.19
1376.97
1582.92
1287.15
1704.40
1898.90
1023.88
1285.37
992.78
1601.96
879.38
692.96
1282.49
854.34
1715.64
1267.44
1004.10
1841.56
1136.24
1934.53
1341.44
1252.13
1345.31
740.62
1336.55
1335.60
1385.45
1866.06
898.25
1313.50
1406.77
1692.26
554.54
1345.34
1426.60
891.33
1906.61
1825.12
1087.53
1274.88
1190.71
1628.15
1757.05
1374.65
1119.36
807.99
2126.59
1188.01
2134.31
1173.44
875.10
1934.87
1445.81
1570.78
1310.82
1504.16
1545.69
1287.31
1290.34
827.11
1409.97
1360.50
1367.71
1467.35
676.30
1436.62
977.31
1371.66
1399.37
1707.12
1922.78
1639.51
1316.89
1904.91
968.56
1499.24
1250.11
1778.05
1239.22
1229.58
1569.41
1650.50
1778.18
713.76
1050.78
2072.18
1724.91
1503.97
1268.60
1942.73
1731.56
2035.88
1578.93
1515.43
1550.42
1634.20
1475.79
1207.17
1419.37
1485.97
1333.55
721.76
939.45
1848.35
1243.37
1778.21
1902.51
1793.89
1551.59
893.24
1608.41
1811.97
390.41
1458.65
1393.37
1620.67
1649.52
1108.97
1414.67
798.79
570.05
1300.19
1885.82
1998.01
1961.78
1768.28
1398.02
1597.66
1720.38
1916.40
921.40
1737.88
614.61
915.96
1137.87
1467.08
1018.52
1593.99
1223.32
1459.00
1566.80
1832.57
1485.87
1422.13
1723.98
1291.33
1597.23
1909.99
1676.63
1013.49
1208.89
1738.12
1360.52
1386.69
819.88
894.11
1483.71
1764.77
997.28
821.43
1238.03
1734.54
1448.16
1334.06
955.72
1848.28
1595.88
1599.22
1626.02
1450.52
1192.47
736.15
1382.54
829.24
859.96
1789.56
1978.06
1308.25
1980.61
926.03
1210.52
1072.59
900.14
1042.80
1163.37
1533.71
1466.29
849.14
1563.65
1774.18
1466.72
1352.89
1683.49
1401.34
1979.65
1240.22
1159.67
1462.79
1678.49
1321.92
1182.36
1459.20
1249.38
543.97
1700.65
1642.89
849.13
1156.31
1230.47
918.26
1637.77
1535.25
834.14
1104.65
1663.18
1605.75
1723.20
1918.15
1421.37
1407.03
1729.97
1751.42
1698.01
2019.86
1891.45
1661.39
1713.85
1226.39
1452.31
1318.13
1156.21
1736.32
1326.53
1276.55
1697.59
717.09
1871.93
1228.24
1004.92
1011.73
1905.64
1498.72
1506.22
1636.18
1472.73
1602.46
940.91
1260.14
919.52
1521.14
1730.28
1041.98
1414.52
1494.90
1047.40
1348.38
884.39
1566.59
1801.31
940.25
1269.97
741.93
1724.31
547.46
1100.67
704.47
1470.02
1600.06
2120.08
2105.37
1349.55
1875.35
759.81
960.16
1925.09
1557.42
1340.37
1408.73
1530.90
1113.68
1910.56
1531.32
1056.26
2179.36
2137.82
2083.93
1621.71
1526.12
805.76
1555.57
1260.81
1580.59
1471.29
994.79
533.48
1890.69
1265.95
821.19
1499.23
1583.27
1183.98
1609.74
1903.70
1032.23
854.12
1345.98
1770.29
753.03
689.31
567.10
1793.85
1696.79
1400.38
1866.23
1281.39
1914.86
1633.10
1354.31
1601.50
1956.31
1291.44
1334.00
1552.48
899.65
699.50
1537.03
1595.77
1525.22
1577.39
850.98
1859.81
1816.29
1553.34
1981.89
1933.87
1747.52
1447.69
2142.28
1805.24
1134.19
816.21
781.99
1756.09
983.52
1689.60
1726.79
1475.99
1194.53
1470.84
1269.84
1419.59
815.97
1411.68
1839.22
784.71
1496.15
1007.27
1621.55
1520.88
1311.35
741.27
1317.59
1463.82
1259.87
1516.59
1271.37
1841.75
1278.37
1479.94
1423.63
1849.12
941.09
1749.74
1662.73
1561.66
592.57
612.49
1897.44
1070.65
819.26
1594.65
967.08
1604.35
1632.59
1472.07
1834.89
1532.45
1558.18
1928.49
1683.82
1345.57
1487.53
1481.05
1250.23
1131.93
1130.82
1526.45
1215.11
1337.87
1616.12
1628.15
1196.05
1713.78
1777.93
684.40
733.55
1833.02
1280.60
1462.05
1752.80
1628.84
1263.32
1089.04
1669.54
1384.70
953.12
1870.98
1484.69
1820.59
1512.68
1463.55
1154.34
1435.10
1636.88
1745.01
2106.38
1189.31
609.64
1337.95
1418.22
913.70
753.72
1571.96
1177.67
1845.03
1171.92
1737.36
1794.22
1722.42
894.23
1483.57
1651.89
1012.32
691.73
618.29
1271.57
1821.11
1910.78
570.68
1332.46
1541.45
1681.84
1528.93
1923.38
1940.97
1885.91
1449.72
1992.49
1007.50
1131.92
307.48
1734.63
1503.71
1297.35
1524.59
1558.27
2113.75
1799.37
1763.50
1484.97
1311.41
1508.01
1576.75
2005.71
1945.77
1184.16
830.02
1691.81
1527.08
1231.04
1411.59
1453.99
1850.55
1072.94
1089.12
1386.89
327.52
1544.11
1560.59
1635.36
1297.87
1316.53
1156.46
1319.56
1032.51
538.44
1557.58
885.11
1609.81
952.99
1975.40
959.38
1957.06
1860.04
1737.81
1649.77
1869.22
1303.53
1860.14
535.85
1155.19
2155.46
978.31
1351.45
1489.72
1616.72
492.88
1475.74
1476.01
1285.13
1819.30
1880.88
364.89
1540.99
521.37
1612.13
1446.10
1582.74
1457.23
1778.10
1967.62
541.19
166.13
1419.60
1196.81
1232.27
1168.82
717.50
1742.90
869.40
1800.65
1539.12
820.35
783.72
1291.71
1719.81
1861.73
676.09
1679.79
1536.22
1063.69
559.40
721.06
1518.40
1287.17
1068.11
1454.06
869.64
1662.23
648.66
1276.61
1743.25
1592.37
1869.68
1605.91
1439.44
880.95
1766.89
783.34
1629.30
1200.05
1652.28
1363.01
1164.74
1467.84
1528.28
1597.10
1489.02
1902.76
1783.18
1895.79
847.52
1842.30
1358.06
1439.15
1913.36
1671.85
1710.07
762.94
1097.20
1289.88
1954.76
1448.62
1660.22
1755.23
789.49
1595.91
1683.62
1834.94
1091.77
1060.35
870.25
1324.15
2156.27
903.89
1804.44
1605.94
1194.81
586.06
1721.89
829.21
1485.26
643.35
1144.09
1080.53
1247.04
1877.81
2078.16
838.68
1726.93
858.73
677.26
1430.33
1167.48
689.36
1541.34
1790.34
1183.83
1238.06
1160.37
1283.20
1468.25
1457.20
1244.55
1383.56
1377.63
468.78
695.17
1617.99
1268.73
1171.97
1035.13
1335.79
990.86
900.32
1705.60
772.60
911.22
1418.20
1570.26
1582.18
1133.13
1583.30
1630.19
1472.17
1428.97
1896.72
1405.81
1651.71
1778.49
1064.62
1735.58
1506.85
1653.51
1422.34
1319.13
1727.88
1350.35
1814.91
1885.29
1847.06
1842.36
1670.92
1319.38
1523.43
1716.25
1255.55
1455.17
1065.18
1644.78
1910.82
1893.98
1906.63
1367.62
1008.99
1438.30
1719.61
1413.63
1759.87
624.66
1379.15
387.57
1343.76
2016.06
1542.70
1581.46
957.12
891.16
1640.56
1249.99
1343.47
1487.30
1262.86
1928.87
1640.61
683.29
1261.22
1736.53
1308.89
1341.83
1517.32
1156.73
1128.20
683.85
469.69
1785.37
888.80
1684.42
1891.71
1585.18
1548.49
1884.31
882.26
1350.59
1466.85
1351.41
1333.88
740.32
1808.35
1624.22
1447.77
509.66
1162.18
1684.84
1551.65
960.96
1894.22
879.91
810.43
1388.04
1314.90
1787.85
1257.72
1110.00
1879.04
2023.71
1771.43
1437.49
1073.78
587.01
1719.70
1453.37
1705.78
435.21
1764.71
1611.15
1738.19
1581.89
1736.88
909.20
778.75
1747.75
1674.44
1680.71
1463.95
1275.94
1451.28
1006.28
887.11
1930.25
1006.24
1339.98
1474.15
1058.40
1129.88
1563.01
1902.81
1343.38
540.41
1456.52
1000.91
1658.88
1520.96
1313.44
1720.16
1519.27
1572.35
1887.51
1650.52
1024.93
1477.47
2073.48
1262.45
1538.48
1486.17
1160.06
1315.25
1490.83
1031.05
1548.24
790.47
1404.84
1010.30
1153.77
1377.77
709.05
1385.85
1997.77
807.59
2079.72
889.01
1193.37
932.75
1441.95
1839.22
1413.30
1515.06
1171.28
1001.79
785.88
1902.24
1191.82
1913.01
1681.90
1696.81
1133.37
1416.70
1415.41
1815.62
1181.86
1343.93
1690.45
752.23
1784.14
1891.23
1873.47
1771.71
1883.15
1087.62
1714.74
271.21
1397.35
1159.72
1417.76
859.26
2102.86
1373.85
1432.42
923.73
1979.39
968.50
147.98
909.98
1021.80
1927.34
1996.47
1766.88
1628.68
1867.56
1227.72
1516.07
975.21
1255.39
1490.17
905.09
855.34
1712.33
1113.22
738.37
1440.25
1695.00
1387.23
1673.86
1864.28
1161.59
1962.41
1592.29
1482.08
1696.35
1272.49
1119.07
789.35
1080.41
585.25
1627.31
1600.39
1747.56
1516.93
1219.22
1339.25
1317.86
631.01
1833.63
1823.33
1489.45
1776.95
1562.80
1236.88
2025.74
814.86
1243.95
852.68
1566.69
1408.90
924.27
1177.71
1785.63
1613.78
1610.44
1402.38
903.38
2003.61
889.48
1393.99
1496.23
1270.71
1517.56
1301.48
1352.69
1138.12
972.53
1931.74
1554.74
694.29
1851.08
1360.65
1453.63
599.67
1635.03
1467.69
496.17
1215.90
1471.58
292.53
1422.47
1323.82
1240.77
1707.86
1474.98
1122.26
1739.03
2142.72
577.61
1530.20
573.84
1629.35
1451.53
1220.51
1939.85
1814.81
1674.77
1469.67
1433.89
1887.40
1024.39
1750.34
1437.32
1350.58
1246.17
1716.85
425.46
1097.94
989.33
880.94
1789.33
831.39
1043.54
1916.60
1508.40
1216.94
338.24
1315.50
1091.59
1060.27
1076.45
869.00
1622.51
1645.45
1896.17
1411.39
1760.08
878.90
1525.59
1360.56
1605.01
1542.26
2152.01
1303.15
1539.18
1427.19
1222.44
1935.58
1867.82
1507.51
975.49
1724.96
868.26
1391.90
912.43
1877.94
1468.93
1203.84
1612.26
1728.34
2055.17
1618.55
283.29
1575.00
1644.95
1367.08
1022.32
1512.78
1572.27
1189.74
991.85
1925.94
1534.22
1583.04
2049.59
1929.91
1527.74
1313.90
1551.94
1652.93
1325.40
505.73
1614.49
1804.56
1390.85
1194.06
1747.04
637.09
631.98
657.98
1808.94
1247.72
